Team,Year,Wins,Losses,Ties,Classification,QB,RB,WR,TE,OL,Offense,DL,LB,S,CB,Defense,SpecialTeams,DeadMoney,Total,CapMax
49ers,2013,12,4,0,Good,2843160,9257768,16945177,10569598,17479156,57094859,11028483,17860800,10696955,12885741,52471979,6831666,6601496,116398504,123000000
Bears,2013,8,8,0,Mediocre,11276471,12036166,16580067,2495000,10071052,52458756,29744128,12474915,3802254,15375000,61396297,6290000,2854947,120145053,123000000
Bengals,2013,11,5,0,Good,2760833,5750703,8628272,5005166,22288147,44433121,38698754,8370673,5834061,16118302,69021790,5660000,3885089,119114911,123000000
Bills,2013,6,10,0,Bad,4663940,8362867,8979223,4489668,14455361,40951059,29011040,6284838,10503423,7069748,52869049,2358844,26821048,96178952,123000000
Broncos,2013,13,3,0,Good,18716295,5013752,10120554,8013902,25448424,67312927,12040751,12951882,5858346,17559225,48410204,5793833,1483036,121516964,123000000
Browns,2013,4,12,0,Bad,4171299,2200883,5665825,2620527,23789034,38447568,21502679,20237182,2398318,10928931,55067110,2015000,27470322,95529678,123000000
Buccaneers,2013,4,12,0,Bad,1184375,4644753,13771326,2393504,25305673,47299631,19183871,6396562,13033579,19419921,58033933,4810000,12856436,110143564,123000000
Cardinals,2013,10,6,0,Good,6172993,5306754,15022466,4353078,19069690,49924981,20498000,13311655,2809618,10407900,47027173,4716666,21331180,101668820,123000000
Chargers,2013,9,7,0,Mediocre,15996516,8212583,10926398,8795715,17428226,61359438,6241425,18315172,11490435,4839588,40886620,5652500,15101442,107898558,123000000
Chiefs,2013,11,5,0,Good,10708333,6779755,7268150,3435650,20708982,48900870,13759289,22533136,13251425,13096878,62640728,3888750,7569652,115430348,123000000
Colts,2013,11,5,0,Good,8524545,7237379,11908481,2615661,18601449,48887515,13140390,20991429,13323235,9596407,57051461,6857000,10204024,112795976,123000000
Cowboys,2013,8,8,0,Mediocre,13818982,2257011,8120768,5623758,19470710,49291229,5814913,26468546,3220898,13029474,48533831,2095833,23079107,99920893,123000000
Dolphins,2013,8,8,0,Mediocre,5859205,2412352,8242874,6007127,17638011,40159569,27792257,9006508,5027138,13351955,55177858,3179890,24482683,98517317,123000000
Eagles,2013,10,6,0,Good,13385137,10184362,19199989,5509036,25664899,73943423,14205767,11292817,6920158,6032738,38451480,2320027,8285070,114714930,123000000
Falcons,2013,4,12,0,Bad,10920140,6293062,17406642,6938146,16471155,58029145,17946068,8433728,7249890,9276181,42905867,4022283,18042705,104957295,123000000
Giants,2013,7,9,0,Mediocre,21998400,5036739,8677626,2998913,24235900,62947578,14642808,7916847,12704990,11202110,46466755,3494000,10091667,112908333,123000000
Jaguars,2013,4,12,0,Bad,8347588,8982941,6832868,7160882,14764080,46088359,13923225,13544999,3396626,2807072,33671922,4368871,38870848,84129152,123000000
Jets,2013,8,8,0,Mediocre,14759015,4154535,12811933,2593765,21528632,55847880,5447833,19656284,3028114,12965418,41097649,1672352,24382119,98617881,123000000
Lions,2013,7,9,0,Mediocre,21556666,3987009,15281546,4207277,13221451,58253949,22485856,10479067,4758334,6133807,43857064,1685075,19203912,103796088,123000000
Packers,2013,8,7,1,Mediocre,13013000,2429420,10223980,11341695,17540974,54549069,16546195,21036760,5083802,13957143,56623900,4276250,7550781,115449219,123000000
Panthers,2013,12,4,0,Good,7579454,11315450,10702213,4325000,18885126,52807243,16170994,12890911,6639853,3244456,38946214,2079670,29166873,93833127,123000000
Patriots,2013,12,4,0,Good,14603953,3682367,8749814,4150882,22775490,53962506,21590202,10801171,7386653,8618787,48396813,4360500,16280181,106719819,123000000
Raiders,2013,4,12,0,Bad,1146517,11660884,4609651,1496363,10275023,29188438,7242262,6548030,6752294,6688580,27231166,6491166,60089230,62910770,123000000
Rams,2013,7,9,0,Mediocre,13422823,2637944,5479738,6187555,19240160,46968220,23343366,15693252,3645196,17453159,60134973,1651371,14245436,108754564,123000000
Ravens,2013,8,8,0,Mediocre,7381327,7936927,7932810,3966000,16354916,43571980,17852491,23412159,3813423,10949281,56027354,3735000,19665666,103334334,123000000
Redskins,2013,3,13,0,Bad,5972967,2212882,19585321,4639357,20025614,52436141,14227749,19629100,4619719,7102431,45578999,2650000,22334860,100665140,123000000
Saints,2013,11,5,0,Good,18193235,9159749,11679433,3245951,17964025,60242393,17728724,14015416,9960582,11598369,53303091,2775294,6679222,116320778,123000000
Seahawks,2013,13,3,0,Good,1521085,10799653,16831423,12778788,27955261,69886210,32619341,7377232,8579619,3557545,52133737,2792500,-1812447,124812447,123000000
Steelers,2013,8,8,0,Mediocre,15393138,2549641,8697844,9207474,10734255,46582352,12586770,21979116,16480395,11069889,62116170,2676324,11625154,111374846,123000000
Texans,2013,2,14,0,Bad,11756250,10909839,14247672,6948519,18690874,62553154,15386734,11351449,7261547,16655776,50655506,2476610,7314730,115685270,123000000
Titans,2013,7,9,0,Mediocre,6336958,15376098,12686896,6979500,26721984,68101436,15222821,5740835,10777066,9602477,41343199,4640041,8915324,114084676,123000000
Vikings,2013,5,10,1,Bad,8470555,15752110,10453987,4582245,20329032,59587929,35975500,13588356,5691438,4281849,59537143,2010531,1864397,121135603,123000000
49ers,2014,8,8,0,Mediocre,6114325,8804558,14014025,9364040,22908605,61205553,14858320,24211352,7042189,7623157,53735018,4970000,13089429,119910571,133000000
Bears,2014,5,11,0,Bad,19219118,9580845,11977950,7234947,16515321,64528181,18588037,10686451,4434278,11635097,45343863,3750445,19377511,113622489,133000000
Bengals,2014,10,5,1,Good,10928123,3654864,10856116,8253862,19718975,53411940,30758457,13702366,6534061,17739200,68734084,4480000,6373976,126626024,133000000
Bills,2014,9,7,0,Mediocre,6126486,11520979,6857046,3098194,19208595,46811300,33350932,16584051,7300537,12531233,69766753,3886667,12535280,120464720,133000000
Broncos,2014,12,4,0,Good,18629094,2748063,18771159,3669295,25213332,69030943,19277963,10658503,7141122,15320403,52397991,4134862,7436204,125563796,133000000
Browns,2014,7,9,0,Mediocre,2807980,1529301,10771737,4683350,30648671,50441039,19290519,19172353,6699334,17398562,62560768,1293529,18704664,114295336,133000000
Buccaneers,2014,2,14,0,Bad,5512169,3929661,17087432,4010280,20487478,51027020,40085083,5214997,10665150,12689893,68655123,4090000,9227857,123772143,133000000
Cardinals,2014,11,5,0,Good,16441995,2653397,14667325,4298132,13774076,51834925,25825251,16514133,3473804,16867423,62680611,1861579,16622885,116377115,133000000
Chargers,2014,9,7,0,Mediocre,17856766,8605886,10851816,9315091,19973727,66603286,7275737,18069498,13044216,6186511,44575962,2643088,19177664,113822336,133000000
Chiefs,2014,9,7,0,Mediocre,8786939,11495196,17692219,6165390,12179435,56319179,14297941,24232568,14757053,8579227,61866789,4815666,9998366,123001634,133000000
Colts,2014,11,5,0,Good,9779454,4019936,11951863,2894739,16559625,45205617,18595139,24218804,7474934,15753451,66042328,5770000,15982055,117017945,133000000
Cowboys,2014,12,4,0,Good,12764666,2815945,5655361,9965144,21509863,52710979,10653530,10078315,3619379,21783154,46134378,3350000,30804643,102195357,133000000
Dolphins,2014,8,8,0,Mediocre,9024346,5275190,28597229,2453213,19009521,64359499,24861738,19901899,7286117,12603136,64652890,5092343,-1104732,134104732,133000000
Eagles,2014,10,6,0,Good,3772237,16415834,10693053,5720045,29459266,66060435,16561275,17603337,7603608,13632290,55400510,2808333,8730722,124269278,133000000
Falcons,2014,6,10,0,Bad,18576474,6980028,17966288,1247246,26463166,71233202,24351290,7666852,7645545,5342576,45006263,5152284,11608251,121391749,133000000
Giants,2014,6,10,0,Bad,21008400,5120134,12922572,2083825,18841638,59976569,13113573,14621482,14117378,11998314,53850747,4475000,14697684,118302316,133000000
Jaguars,2014,3,13,0,Bad,9554830,6308882,8703307,10592682,16247624,51407325,28827556,13828131,4265477,3681002,50602166,5453856,25536653,107463347,133000000
Jets,2014,4,12,0,Bad,5402878,6138225,14682201,3321133,27006154,56550591,9226734,15437435,4571367,7604495,36840031,4890000,34719378,98280622,133000000
Lions,2014,11,5,0,Good,17031668,6083043,18606777,5346687,11871158,58939333,38109250,13479446,5342000,4023173,60953869,1572428,11534370,121465630,133000000
Packers,2014,12,4,0,Good,19273750,2850778,9395943,2464445,18989544,52974460,7450236,34901978,7570989,19240070,69163273,5476250,5386017,127613983,133000000
Panthers,2014,7,8,1,Mediocre,8743113,15241700,4162200,9592200,16431582,54170795,33189527,9299071,4923626,1839412,49251636,3319670,26257899,106742101,133000000
Patriots,2014,12,4,0,Good,15446036,4537291,13923556,7369559,15395126,56671568,16148688,12844605,8563385,15032481,52589159,4940500,18798773,114201227,133000000
Raiders,2014,3,13,0,Bad,9471691,6996329,9015614,1400205,17354097,44237936,22786638,5264934,13433828,11631671,53117071,4707834,30937159,102062841,133000000
Rams,2014,6,10,0,Bad,19930000,3635133,7202903,8642056,26104635,65514727,33755716,13534676,4207611,3599498,55097501,2087640,10300132,122699868,133000000
Ravens,2014,10,6,0,Good,15578427,1891185,6901832,4991340,17897641,47260425,21184683,19631410,5389608,11857910,58063611,4507705,23168259,109831741,133000000
Redskins,2014,4,12,0,Bad,7082926,2678257,18448822,3831981,26783400,58825386,22331951,20125647,3143824,7461353,53062775,1902500,19209339,113790661,133000000
Saints,2014,7,9,0,Mediocre,19064118,5399617,12178739,6269241,25334966,68246681,9747350,14691920,9083250,8305918,41828438,4665000,18259881,114740119,133000000
Seahawks,2014,12,4,0,Good,2227438,9949013,6213265,7238609,23505262,49133587,26292132,11003673,14824595,6488073,58608473,3987500,21270440,111729560,133000000
Steelers,2014,11,5,0,Good,21333138,1669039,7942649,7847766,14731514,53524106,9360367,28650595,10751868,13352245,62115075,2817500,14543319,118456681,133000000
Texans,2014,9,7,0,Mediocre,4907663,9457433,19869037,4412445,23390496,62037074,8559949,16201819,2839451,17795552,45396771,3491610,22074545,110925455,133000000
Titans,2014,2,14,0,Bad,6035575,6946110,9394069,8033603,26321377,56730734,22530646,7346559,14007775,10683260,54568240,2631042,19069984,113930016,133000000
Vikings,2014,7,9,0,Mediocre,10278077,13954903,10289462,3870027,24118962,62511431,25558005,13626014,3934664,7924243,51042926,2410531,17035112,115964888,133000000
49ers,2015,5,11,0,Bad,17234471,4458248,13840026,2762661,19757909,58053315,8381362,20469116,8880119,6467970,44198567,5427550,35600568,107679432,143280000
Bears,2015,6,10,0,Bad,16725388,11448751,12807674,7560294,17921204,66463311,5097132,22051239,8796854,6925380,42870605,4289856,29656228,113623772,143280000
Bengals,2015,12,4,0,Good,10238778,4040770,18726078,3962305,26041777,63009708,25914276,20598622,8119150,16808890,71440938,5620000,3209354,140070646,143280000
Bills,2015,8,8,0,Mediocre,3732738,7707163,12781663,5735146,15086305,45043015,43755012,7776423,5657363,16809630,73998428,4250000,19988557,123291443,143280000
Broncos,2015,12,4,0,Good,19067139,2115642,23083075,7984142,25231140,77481138,18447328,15660017,11305871,13543730,58956946,3705000,3136916,140143084,143280000
Browns,2015,3,13,0,Bad,8093954,1964338,14792090,5193030,27241456,57284868,16743626,21907486,11656943,23514408,73822463,2920000,9252669,134027331,143280000
Buccaneers,2015,6,10,0,Bad,5965886,5081515,18129732,4336557,20141348,53655038,29415438,12188387,4087338,8260432,53951595,1514706,34158661,109121339,143280000
Cardinals,2015,13,3,0,Good,11834168,2946734,16186291,5182957,29469242,65619392,24656866,15119938,4181310,22409565,66367679,1760500,9532429,133747571,143280000
Chargers,2015,4,12,0,Bad,22989168,7201545,8556430,10790590,18814927,68352660,13769105,14749306,12240418,9571186,50330015,5666666,18930659,124349341,143280000
Chiefs,2015,11,5,0,Good,21476940,9656539,6172669,2273413,16221401,55800962,11606841,21741283,14112700,11077574,58538398,4745666,24194974,119085026,143280000
Colts,2015,8,8,0,Mediocre,10638775,5617471,13153178,4034629,14365795,47809848,14935562,35495549,5801282,21055447,77287840,7250000,10932312,132347688,143280000
Cowboys,2015,4,12,0,Bad,16983000,3636824,11395882,8455213,17609241,58080160,19889032,12864734,5252185,24161659,62167610,4620000,18412230,124867770,143280000
Dolphins,2015,6,10,0,Bad,7563364,2623010,7039908,6819535,23159445,47205262,29823936,9729666,10861046,14670090,65084738,2050333,28939667,114340333,143280000
Eagles,2015,7,9,0,Mediocre,17392354,12012071,9224526,6878554,23951203,69458708,15339164,18345110,11129568,13900914,58714756,3999332,11107204,132172796,143280000
Falcons,2015,8,8,0,Mediocre,20208674,2086750,23948138,2839587,15191609,64274758,22298021,9188588,7655153,5104050,44245812,4321470,30437960,112842040,143280000
Giants,2015,6,10,0,Bad,15240800,6883801,14975789,1889705,23070742,62060837,18797199,10999035,3336069,17527051,50659354,1885588,28674221,114605779,143280000
Jaguars,2015,5,11,0,Bad,8194273,5564721,7847093,16447200,24810232,62863519,34381175,13628224,5375948,9416089,62801436,1896314,15718731,127561269,143280000
Jets,2015,10,6,0,Good,5192407,6431875,20552089,4191281,33201673,69569325,17349030,14242642,8846076,31508947,71946695,1773088,-9108,143289108,143280000
Lions,2015,7,9,0,Mediocre,18498450,5554369,25484600,7702332,10416454,67656205,24213664,13578562,8736044,5062376,51590646,2727575,21305574,121974426,143280000
Packers,2015,10,6,0,Good,20090908,2917044,13021509,3295825,21177514,60502800,10632552,36726064,10790891,13207797,71357304,4941176,6478720,136801280,143280000
Panthers,2015,15,1,0,Good,15429000,13272396,8477173,8146666,21230527,66555762,30121586,18067227,5187392,4940895,58317100,4774670,13632468,129647532,143280000
Patriots,2015,12,4,0,Good,14791795,4333999,16040318,12066813,21165260,68398185,16409001,16682611,11471634,4536710,49099956,5163000,20618859,122661141,143280000
Raiders,2015,7,9,0,Mediocre,1918064,3907750,12243561,4799545,31155998,54024918,23433042,12767283,14730695,4515992,55447012,5255235,28552835,114727165,143280000
Rams,2015,7,9,0,Mediocre,5218449,4573838,11759085,15475441,18702572,55729385,47269247,10751780,8220899,4293600,70535526,3947080,13068009,130211991,143280000
Ravens,2015,5,11,0,Bad,16944412,2913788,9952732,8782294,20756704,59349930,6458833,22299734,17048671,7299764,53107002,5421000,25402068,117877932,143280000
Redskins,2015,9,7,0,Mediocre,8872885,3242342,24335809,5451490,27764389,69666915,21148325,16304647,6696517,11146176,55295665,2102500,16214920,127065080,143280000
Saints,2015,7,9,0,Mediocre,25358586,5692821,9440930,3887942,18404737,62785016,9492895,10965605,11168099,9757823,41384422,4702058,34408504,108871496,143280000
Seahawks,2015,10,6,0,Good,8554868,10635847,9888081,10063162,12810650,51952608,27371784,12979618,14428318,15557555,70337275,5670000,15320117,127959883,143280000
Steelers,2015,10,6,0,Good,20358139,3265082,10701027,6131594,19423147,59878989,14557602,20934781,5560650,13377624,54430657,1432647,27537707,115742293,143280000
Texans,2015,9,7,0,Mediocre,6357837,10875801,6411093,5702571,22820504,52167806,20580901,21628161,4828838,23059240,70097140,3503848,17511206,125768794,143280000
Titans,2015,3,13,0,Bad,5017020,5286810,8113034,10117500,11157861,39692225,21707812,15811256,12937775,15939246,66396089,4744666,32447020,110832980,143280000
Vikings,2015,11,5,0,Good,5245038,17210950,15700531,8705993,29660487,76522999,24756894,12576191,5565439,14643487,57542011,3455531,5759459,137520541,143280000
49ers,2016,2,14,0,Bad,23694507,3028926,11876072,5615042,16923639,61138186,12233787,27657777,10807904,9075198,59774666,4677550,29679598,125590402,155270000
Bears,2016,3,13,0,Bad,20140353,2164522,23453575,4156185,25044099,74958734,10499728,35223650,3785524,9545141,59054043,1751327,19505896,135764104,155270000
Bengals,2016,6,9,1,Bad,14195413,7582248,17903068,4895878,26963355,71539962,31257053,15238247,10932963,20040214,77468477,4104117,2157444,153112556,155270000
Bills,2016,7,9,0,Mediocre,10286322,10305929,13321463,7994746,19315114,61223574,30257421,8187722,14367753,15208647,68021543,4245000,21779883,133490117,155270000
Broncos,2016,9,7,0,Mediocre,2261161,7652724,24631438,4002548,14289846,52837717,22599746,21118620,11486444,22329018,77533828,1281766,23616689,131653311,155270000
Browns,2016,1,15,0,Bad,11022385,2873269,8060225,3663632,20849784,46469295,12135603,7112029,2503713,23427666,45179011,2719117,60902577,94367423,155270000
Buccaneers,2016,9,7,0,Mediocre,8192029,9960806,20084145,4589627,28332177,71158784,32879948,15028993,5670300,21537490,75116731,3086830,5907655,149362345,155270000
Cardinals,2016,7,8,1,Mediocre,20967647,5171763,19073522,5942819,19298535,70454286,24563395,17506350,11210539,16623998,69904282,1235792,13675640,141594360,155270000
Chargers,2016,5,11,0,Bad,17180000,7457629,18017691,8274768,25538138,76468226,23030310,15314026,7089050,18462884,63896270,1912622,12992882,142277118,155270000
Chiefs,2016,12,4,0,Good,20232200,8036819,16078663,4923789,15060778,64332249,17326136,28506033,15661151,5252667,66745987,6025667,18166097,137103903,155270000
Colts,2016,8,8,0,Mediocre,19980000,5551333,14669690,11144550,20978970,72324543,10341107,23740432,7557088,13866511,55505138,6750000,20690319,134579681,155270000
Cowboys,2016,13,3,0,Good,23926148,9073966,19837501,9867494,21408752,84113861,14994947,16163174,8367517,20670361,60195999,5920000,5040140,150229860,155270000
Dolphins,2016,10,6,0,Good,13281182,1974686,6367688,11317299,28772146,61713001,42464751,8873417,11884805,12949485,76172458,2265333,15119208,140150792,155270000
Eagles,2016,7,9,0,Mediocre,9960643,10317028,4931355,6394996,33687976,65291998,29617028,12105117,11431668,6807479,59961292,2962744,27053966,128216034,155270000
Falcons,2016,11,5,0,Good,25631100,1852741,21945916,5486900,21046268,75962925,24689535,10513747,4903067,6580038,46686387,6743333,25877355,129392645,155270000
Giants,2016,11,5,0,Good,25595300,9665597,16493051,3014714,13326066,68094728,20436629,25782645,3598913,21773449,71591636,2588235,12995401,142274599,155270000
Jaguars,2016,3,13,0,Bad,10864196,5551588,14724668,11943324,23218590,66302366,40513354,11310962,7553819,16930497,76308632,3350000,9309002,145960998,155270000
Jets,2016,5,11,0,Bad,10107898,5337110,20760335,2530923,27844419,66580685,21908891,13511294,7858962,24531901,67811048,4744781,16133486,139136514,155270000
Lions,2016,9,7,0,Mediocre,23338824,3971695,17619492,6514242,17174595,68618848,17318764,13539421,11189104,8071148,50118437,5070075,31462640,123807360,155270000
Packers,2016,10,6,0,Good,19910320,4891731,20326344,3544204,20810535,69483134,14048475,34780061,10901780,16459880,76190196,3525000,6071670,149198330,155270000
Panthers,2016,6,10,0,Bad,21450000,10958863,8550593,8019942,25130242,74109640,15822244,18305233,5567091,3505394,43199962,5060290,32900108,122369892,155270000
Patriots,2016,14,2,0,Good,15259305,5014925,17034672,12945867,26800280,77055049,19931762,13450124,12755434,4775449,50912769,6387500,20914682,134355318,155270000
Raiders,2016,12,4,0,Good,4623009,2818849,19361975,5870639,36972041,69646513,30211097,7047949,12697085,20847900,70804031,10187500,4631956,150638044,155270000
Rams,2016,4,12,0,Bad,9453311,6684248,17565083,7779092,18948473,60430207,34625253,9904864,5822846,15228577,65581540,4498773,24759480,130510520,155270000
Ravens,2016,8,8,0,Mediocre,24056900,2492212,13619295,8561035,18007403,66736845,7240013,21911672,18916487,13055152,61123324,7540000,19869831,135400169,155270000
Redskins,2016,8,7,1,Mediocre,22237334,2428948,23519793,8387911,26263648,82837634,9799579,16294454,7736030,10733385,44563448,2612500,25256418,130013582,155270000
Saints,2016,7,9,0,Mediocre,18617300,4961190,5224319,5726719,19176356,53705884,14422130,9977450,16579686,4828050,45807316,4390000,51366800,103903200,155270000
Seahawks,2016,10,5,1,Good,18997000,2236171,13750952,12684653,6307577,53976353,22974342,15426110,17920176,20642727,76963355,5125000,19205292,136064708,155270000
Steelers,2016,11,5,0,Good,25334805,4433346,16885326,4133728,28392364,79179569,14224578,30494261,7261255,6603699,58583793,1730000,15776638,139493362,155270000
Texans,2016,9,7,0,Mediocre,14412646,7911734,6448981,2062362,31103538,61939261,22938450,28597639,5327548,19939515,76803152,3355000,13172587,142097413,155270000
Titans,2016,9,7,0,Mediocre,7534058,7603960,14852328,10992080,20398613,61381039,16030883,24561209,10382798,13084964,64059854,6234666,23594441,131675559,155270000
Vikings,2016,8,8,0,Mediocre,12430538,13666191,8596564,7804564,32879606,75377463,27239617,12675405,12925603,16485260,69325885,1808989,8757663,146512337,155270000
49ers,2017,6,10,0,Bad,1280189,2825514,13826473,3831656,25655347,47419179,26769176,8945957,9535769,6609065,51859967,3563550,64157304,102842696,167000000
Bears,2017,5,11,0,Bad,21278625,2385295,14645439,9938090,32573770,80821219,14795376,28878078,7234912,17788027,68696393,1641621,15840767,151159233,167000000
Bengals,2017,7,9,0,Mediocre,16798413,7569296,24430688,9413806,17262341,75474544,26745381,17613896,10969118,22900422,78228817,4990000,8306639,158693361,167000000
Bills,2017,9,7,0,Mediocre,10238211,11190118,6496909,11467859,35796366,75189463,24044258,7077973,7686153,5801497,44609881,4215000,42985656,124014344,167000000
Broncos,2017,5,11,0,Bad,3920973,6090264,25054318,4832368,23704519,63602442,18044284,32420662,9142236,24273641,83880823,3350002,16166733,150833267,167000000
Browns,2017,0,16,0,Bad,2209957,4470494,5198547,3254760,41615803,56749561,14727750,21613135,3882857,7163759,47387501,5102289,57760649,109239351,167000000
Buccaneers,2017,5,11,0,Bad,11738985,8969129,18804531,3178912,23495847,66187404,39983769,8819460,8500031,17764740,75068000,4996176,20748420,146251580,167000000
Cardinals,2017,8,8,0,Mediocre,29489118,3666976,20439056,6097469,28917997,88610616,23052981,9589711,15728455,21047533,69418680,4403147,4567557,162432443,167000000
Chargers,2017,9,7,0,Mediocre,19155000,5059879,20577484,8986982,21644924,75424269,38269110,7831143,6553828,9329846,61983927,1688162,27903642,139096358,167000000
Chiefs,2017,10,6,0,Good,21205288,4243728,5474701,7192941,25611612,63728270,16972578,42525432,14053421,6828257,80379688,6007941,16884101,150115899,167000000
Colts,2017,4,12,0,Bad,22129791,6704574,15603598,10039875,20295961,74773799,34099351,5100805,7567614,4398800,51166570,3219000,37840631,129159369,167000000
Cowboys,2017,9,7,0,Mediocre,1782314,7879602,26062634,16565097,23737956,76027603,22155694,13571954,3098994,10844663,49671305,6770000,34531092,132468908,167000000
Dolphins,2017,6,10,0,Bad,33058282,3310080,9776316,9519411,22688764,78352853,41429457,12498805,11301524,5758889,70988675,1851333,15807139,151192861,167000000
Eagles,2017,13,3,0,Good,7948686,7712155,20433394,10106000,34671590,80871825,36720213,14705805,14776850,4361412,70564280,2352647,13211248,153788752,167000000
Falcons,2017,10,6,0,Good,27422800,5928217,28103286,4019531,25953036,91426870,29464935,8613729,6018899,16072634,60170197,6663334,8739599,158260401,167000000
Giants,2017,3,13,0,Bad,21444105,6721041,14572454,4806305,21971246,69515151,22683693,28902142,3870386,27976841,83433062,3565000,10486787,156513213,167000000
Jaguars,2017,10,6,0,Good,10071983,13662006,13512773,7480525,24024663,68751950,45148547,13216415,15958866,13849553,88173381,2489412,7585257,159414743,167000000
Jets,2017,5,11,0,Bad,8334184,10310192,8058956,2443262,29743163,58889757,29879586,11207483,6921694,16360022,64368785,1923948,41817510,125182490,167000000
Lions,2017,9,7,0,Mediocre,17047200,5553764,18671297,5529031,23027789,69829081,29979802,12028037,11021745,17917711,70947295,9245000,16978624,150021376,167000000
Packers,2017,7,9,0,Mediocre,21034437,2394382,31501629,3754657,28553585,87238690,14712089,28733407,11727962,9272758,64446216,4437254,10877840,156122160,167000000
Panthers,2017,11,5,0,Good,22710632,11316345,7593965,15861068,22836833,80318843,34906236,27237850,7693071,6607630,76444787,5580000,4656370,162343630,167000000
Patriots,2017,13,3,0,Good,14476471,11010522,18838336,12917262,22196744,79439335,13431002,15560517,23735041,16603309,69329869,7085000,11145796,155854204,167000000
Raiders,2017,6,10,0,Bad,17066663,3913937,21228435,8513978,43133182,93856195,20946096,3913692,11365174,22873492,59098454,3710000,10335351,156664649,167000000
Rams,2017,11,5,0,Good,7755133,6953354,25219237,3237501,20325435,63490660,19055848,33738804,4664589,22677275,80136516,2351257,21021567,145978433,167000000
Ravens,2017,9,7,0,Mediocre,26742000,5270289,16212624,5393387,23346656,76964956,8609329,16621928,12619611,15031988,52882856,7246666,29905522,137094478,167000000
Redskins,2017,7,9,0,Mediocre,27543600,4474359,10894949,11840649,35081227,89834784,12451986,25200700,6606862,24425407,68684955,3242500,5237761,161762239,167000000
Saints,2017,11,5,0,Good,20365000,6649958,7172234,13281931,32749192,80218315,23177867,11368168,9465615,5035764,49047414,5240000,32494271,134505729,167000000
Seahawks,2017,9,7,0,Mediocre,15443870,5565665,8724467,12553573,21118436,63406011,31095258,18261753,20890487,23142234,93389732,3174375,7029882,159970118,167000000
Steelers,2017,13,3,0,Good,21004781,13113454,17778997,3945253,39055012,94897497,15833947,15090413,12475138,11466541,54866039,1770000,15466464,151533536,167000000
Texans,2017,4,12,0,Bad,3855907,9441681,22653336,10632622,20476207,67059753,17826431,24809067,10598898,21425963,74660359,3417500,21862388,145137612,167000000
Titans,2017,9,7,0,Mediocre,10351646,8746428,19514493,7486458,17127063,63226088,20991161,32215404,13657831,15276846,82141242,7284668,14348002,152651998,167000000
Vikings,2017,13,3,0,Good,22523284,6109029,10830686,7988864,19431712,66883575,32237754,10635653,11466277,21360634,75700318,1577353,22838754,144161246,167000000
49ers,2018,4,12,0,Bad,38197259,8311842,18448916,3643398,33769652,102371067,26561491,8852841,5634527,19623596,60672455,3134138,11022340,166177660,177200000
Bears,2018,12,4,0,Good,10598281,2865819,25821639,15662132,27038059,81985930,16269909,38170202,4184476,18514959,77139546,5942500,12132024,165067976,177200000
Bengals,2018,6,10,0,Bad,17198153,6168245,22333466,9109741,26761854,81571459,39566157,18408108,6643766,22735864,87353895,4725000,3549646,173650354,177200000
Bills,2018,6,10,0,Bad,4972932,12700103,3135006,10226000,13535618,44569659,32407961,8735891,13024446,6815311,60983609,3740294,67906438,109293562,177200000
Broncos,2018,6,10,0,Bad,15706000,1963621,14510892,2980830,27685340,62846683,19610747,34814194,9032891,23101585,86559417,4497055,23296845,153903155,177200000
Browns,2018,7,8,1,Mediocre,24442360,5651728,19436865,7333699,34889282,91753934,16529922,21320019,5640141,18933305,62423387,3678529,19344150,157855850,177200000
Buccaneers,2018,5,11,0,Bad,12616903,3981361,34124743,10224401,25173502,86120910,52559981,14813639,6026118,15212917,88612655,3889412,-1422977,178622977,177200000
Cardinals,2018,3,13,0,Bad,5229993,6642019,21383544,8338914,16805889,58400359,25414873,16503217,8859951,16131635,66909676,3674485,48215480,128984520,177200000
Chargers,2018,12,4,0,Good,23129200,4755413,25433190,7068484,27984393,88370680,36279780,7394631,10693090,17921985,72289486,1777645,14762189,162437811,177200000
Chiefs,2018,12,4,0,Good,6462373,3839568,13410657,13224159,34676355,71613112,13806414,37313414,20988021,5449388,77557237,3085000,24944651,152255349,177200000
Colts,2018,10,6,0,Good,25722676,2083712,20549797,13375573,25505806,87237564,23924867,3849218,6461829,5307934,39543848,4184000,46234588,130965412,177200000
Cowboys,2018,10,6,0,Good,1816903,7705768,17811897,2372304,43159686,72866558,35783993,18325353,4990347,5642991,64742684,2900000,36690758,140509242,177200000
Dolphins,2018,7,9,0,Mediocre,10507195,4122610,25766603,4425226,30559407,75381041,43433317,14286351,11817797,5181370,74718835,1689133,25410991,151789009,177200000
Eagles,2018,9,7,0,Mediocre,21505365,5143228,16761079,7215415,35461396,86086483,40131724,7463300,16905015,5192238,69692277,1672500,19748740,157451260,177200000
Falcons,2018,7,9,0,Mediocre,22329200,7325063,24432270,2433131,40262172,96781836,17965541,8581239,8818569,27139828,62505177,5374019,12538968,164661032,177200000
Giants,2018,5,11,0,Bad,23411925,11329128,12265128,7070209,16351639,70428029,6466608,30767653,5248621,13155011,55637893,2200000,48934078,128265922,177200000
Jaguars,2018,5,11,0,Bad,10786333,12425774,17287457,4822038,28024882,73346484,51356162,11985485,11238779,27090280,101670706,1082022,1100788,176099212,177200000
Jets,2018,4,12,0,Bad,15760757,8070717,13044099,3861826,36847212,77584611,16787655,17434328,10941303,27956260,73119546,1908948,24586895,152613105,177200000
Lions,2018,6,10,0,Bad,27560000,7708425,10261176,4771517,26454707,76755825,25954600,13152062,13868343,12942767,65917772,6845000,27681403,149518597,177200000
Packers,2018,6,9,1,Bad,22071928,1581868,26709607,10835666,33058976,94258045,19504029,28120459,6337244,6889233,60850965,6283723,15807267,161392733,177200000
Panthers,2018,7,9,0,Mediocre,22245471,6826065,12957544,9312292,32444025,83785397,40940158,18702633,8525314,10046763,78214868,2470882,12728853,164471147,177200000
Patriots,2018,11,5,0,Good,23044200,7894058,15575488,16740476,20349864,83604086,17979000,16065653,22783881,15013651,71842185,7860000,13893729,163306271,177200000
Raiders,2018,4,12,0,Bad,25915200,7694424,18652510,11533431,36376204,100171769,14213805,10206380,11068824,10862532,46351541,1268504,29408186,147791814,177200000
Rams,2018,13,3,0,Good,8767592,9038320,14151679,2758153,27763882,62479626,39110096,16676934,12948223,21356753,90092006,7578551,17049817,160150183,177200000
Ravens,2018,10,6,0,Good,27572118,3363334,12886087,4763673,21740115,70325327,10287179,22742528,16441962,26734432,76206101,9736666,20931906,156268094,177200000
Redskins,2018,7,9,0,Mediocre,22370588,6464791,11550945,16639653,35748048,92774025,11964793,24236263,5638443,21140054,62979553,3433990,18012432,159187568,177200000
Saints,2018,13,3,0,Good,26852600,7093841,12859196,7775068,35864741,90445446,27594929,14765854,7798629,8475586,58634998,3835000,24284556,152915444,177200000
Seahawks,2018,10,6,0,Good,24620964,4655724,20229810,3273982,23349614,76130094,10766134,26759580,26285750,7339007,71150471,3197537,26721898,150478102,177200000
Steelers,2018,9,6,1,Mediocre,24607847,1414972,13094252,6021982,35090781,80229834,18570996,22789249,7577505,18261233,67198983,2565235,27205948,149994052,177200000
Texans,2018,11,5,0,Good,4498746,8781571,22937792,3958681,21831728,62008518,19458959,31037318,11881679,32029767,94407723,2003166,18780593,158419407,177200000
Titans,2018,9,7,0,Mediocre,9704446,6917202,8480482,11443542,34214395,70760067,26928600,32001276,11696707,20975177,91601760,7718000,7120173,170079827,177200000
Vikings,2018,8,7,1,Mediocre,26462000,8510220,15333845,9592122,26668316,86566503,37136839,18490720,15731056,22554099,93912714,3230000,-6509217,183709217,177200000
49ers,2019,13,3,0,Good,21532358,14578972,15938972,4258221,37558398,93866921,46925184,15326818,10736568,14706919,87695489,5600000,1037590,187162410,188200000
Bears,2019,8,8,0,Mediocre,14055437,1792775,28561458,12492121,19864821,76766612,37374679,35184690,5683006,30304445,108546820,3000000,-113432,188313432,188200000
Bengals,2019,2,14,0,Bad,17389080,7753530,28740271,10882654,32697458,97462993,31999183,4597140,7071863,23542739,67210925,5700000,17826082,170373918,188200000
Bills,2019,10,6,0,Good,6713826,4562191,18785529,10198933,31194376,71454855,47294878,11160531,12774835,7549959,78780203,6400000,31564942,156635058,188200000
Broncos,2019,7,9,0,Mediocre,6936162,4939853,4509420,7329076,26251247,49965758,51967669,40689052,11185503,19461415,123303639,5600000,9330603,178869397,188200000
Browns,2019,6,10,0,Bad,11826075,3404034,35727967,6562380,36723539,94243995,35510023,14396593,15255977,21268697,86431290,1900000,5624715,182575285,188200000
Buccaneers,2019,7,9,0,Mediocre,23770750,5056256,21774081,11313773,42981228,104896088,39767787,24235530,5355326,6147003,75505646,3700000,4098266,184101734,188200000
Cardinals,2019,5,10,1,Bad,8296599,12140266,16674681,3588603,34014338,74714487,32631336,24966157,4786932,17466133,79850558,3700000,29934955,158265045,188200000
Chargers,2019,5,11,0,Bad,27064655,6477550,23608026,7014216,37523591,101688038,37530815,13732642,7265608,12377117,70906182,1600000,14005780,174194220,188200000
Chiefs,2019,12,4,0,Good,9288808,6758058,25947032,12691900,30594087,85279885,21921413,12349549,14285030,9297683,57853675,5400000,39666440,148533560,188200000
Colts,2019,7,9,0,Mediocre,11793235,2907359,31309352,14444000,29040221,89494167,37666168,4862403,4862403,21669013,73398143,4700000,24945846,163254154,188200000
Cowboys,2019,8,8,0,Mediocre,2903516,7258235,23195205,6115957,52928659,92401572,39862741,14935984,5626954,11759970,72185649,3200000,20412779,167787221,188200000
Dolphins,2019,5,11,0,Bad,7119898,1989719,21269506,2790180,10059484,43228787,11592471,9743306,30648047,17524815,69508639,1800000,73662574,114537426,188200000
Eagles,2019,9,7,0,Mediocre,14278779,5468274,19997045,7822805,36444965,84011868,29032046,7692784,20577441,9679240,66981511,1900000,35306621,152893379,188200000
Falcons,2019,7,9,0,Mediocre,18063000,9484109,15332230,5258881,36609416,84747636,27943790,21102931,10218404,17012133,76277258,1500000,25675106,162524894,188200000
Giants,2019,4,12,0,Bad,28405163,8989981,16166352,8759798,26599108,88920402,19346968,25906850,8300429,5000958,58555205,1700000,39024393,149175607,188200000
Jaguars,2019,6,10,0,Bad,13149963,9322496,13956013,5508925,32106212,74043609,35181723,12613248,6361198,24220950,78377119,3200000,32579272,155620728,188200000
Jets,2019,7,9,0,Mediocre,9491711,11432801,19374147,3093662,35809241,79201562,25053992,30512660,11243424,22098745,88908821,2000000,18089617,170110383,188200000
Lions,2019,3,12,1,Bad,31930059,2307429,17465459,6730065,27129944,85562956,24696075,15306901,5017157,23637112,68657245,6400000,27579799,160620201,188200000
Packers,2019,13,3,0,Good,30060000,2275911,16313123,16508239,45779795,110937068,27691279,23628563,8930462,13575522,73825826,6100000,-2662894,190862894,188200000
Panthers,2019,5,11,0,Bad,24395545,6283177,9197102,9028498,22616326,71520648,48890196,40767860,8586514,7357669,105602239,3100000,7977113,180222887,188200000
Patriots,2019,12,4,0,Good,22535204,12229419,20229111,2677268,23741152,81412154,17774218,23365010,27918225,18863654,87921107,1800000,17066739,171133261,188200000
Raiders,2019,7,9,0,Mediocre,25688481,8002165,14399349,5767514,40914105,94771614,16689468,8512658,19976408,9652415,54830949,1600000,36997437,151202563,188200000
Rams,2019,9,7,0,Mediocre,11765577,12126193,26412655,4228642,31811467,86344534,48437482,23981219,9800904,11806937,94026542,6000000,1828924,186371076,188200000
Ravens,2019,14,2,0,Good,4187820,4647747,12405040,6811187,24600941,52652735,26705772,10453396,23587904,39039526,99786598,9900000,25860667,162339333,188200000
Redskins,2019,3,13,0,Bad,29974202,8218621,9962196,17664279,32197919,98017217,29543348,22258256,7558867,22689383,82049854,6300000,1832929,186367071,188200000
Saints,2019,13,3,0,Good,26595000,3756693,13051443,6502176,42560951,92466263,25471645,20311789,4190537,16638197,66612168,6800000,22321569,165878431,188200000
Seahawks,2019,11,5,0,Good,26996766,5035413,12335319,6730075,33430896,84528469,26701731,35139216,10653670,4300635,76795252,4000000,22876279,165323721,188200000
Steelers,2019,8,8,0,Mediocre,27991392,1766913,4570576,8105668,36091768,78526317,45973161,27465837,5534972,18112322,97086292,6400000,6187391,182012609,188200000
Texans,2019,10,6,0,Good,7833793,12744125,27327533,3376502,26680848,77962801,43293395,27186108,10155128,20683883,101318514,5000000,3918685,184281315,188200000
Titans,2019,9,7,0,Mediocre,23283000,7319205,16140089,8786988,34418326,89947608,34350611,19659370,8433793,30531666,92975440,4300000,976952,187223048,188200000
Vikings,2019,10,6,0,Good,29905000,4409766,22442158,6058384,24116130,86931438,38798129,12871959,15018703,27075664,93764455,3200000,4304107,183895893,188200000
,,,,,,,,,,,,,,,,,,,,
,,,,,,,,,,,,,,,,,,,,
,,,,,,,,,,,,,,,,,,,,
,,,,,,,,,,,,,,,,,,,,
,,,,,,,,,,,,,,,,,,,,
,,,,,,,,,,,,,,,,,,,,
,,,,,,,,,,,,,,,,,,,,
,,,,,,,,,,,,,,,,,,,,
,,,,,,,,,,,,,,,,,,,,
,,,,,,,,,,,,,,,,,,,,
,,,,,,,,,,,,,,,,,,,,
,,,,,,,,,,,,,,,,,,,,
,,,,,,,,,,,,,,,,,,,,
,,,,,,,,,,,,,,,,,,,,
,,,,,,,,,,,,,,,,,,,,
,,,,,,,,,,,,,,,,,,,,
,,,,,,,,,,,,,,,,,,,,
,,,,,,,,,,,,,,,,,,,,
,,,,,,,,,,,,,,,,,,,,
,,,,,,,,,,,,,,,,,,,,
,,,,,,,,,,,,,,,,,,,,
,,,,,,,,,,,,,,,,,,,,
,,,,,,,,,,,,,,,,,,,,
,,,,,,,,,,,,,,,,,,,,
,,,,,,,,,,,,,,,,,,,,
,,,,,,,,,,,,,,,,,,,,
,,,,,,,,,,,,,,,,,,,,
,,,,,,,,,,,,,,,,,,,,
,,,,,,,,,,,,,,,,,,,,
,,,,,,,,,,,,,,,,,,,,
,,,,,,,,,,,,,,,,,,,,
,,,,,,,,,,,,,,,,,,,,